123   203
164   203
184   203
155   203
184   203
155   203
123   203
155   203
;        
123   203
164   203
184   203
155   203
184   203
155   203
123   203
155   203
;        
117   203
164   203
184   203
155   203
184   203
155   203
117   203
155   203
;        
117   203
164   203
184   203
155   203
184   203
155   203
117   203
155   203
;        
93    203
110   203
185   203
110   203
185   203
110   203
93    203
110   203
;        
93    203
110   203
185   203
110   203
185   203
110   203
93    203
110   203
;        
93    203
110   203
185   203
110   203
185   203
110   203
93    203
110   203
;        
93    203
110   203
185   203
110   203
185   203
110   203
93    203
110   203
;        